8.85419e-12
8.85419e-12
8.85419e-12
8.85419e-12
8.85419e-12
8.85419e-12
8.85419e-12
8.85419e-12
8.85419e-12
8.85419e-12
8.85419e-12
8.85419e-12
8.85419e-12
8.85419e-12
8.85419e-12
8.85419e-12
8.85419e-12
8.85419e-12
8.85419e-12
8.85419e-12
8.85419e-12
8.85419e-12
8.85419e-12
8.85419e-12
8.85419e-12
8.85419e-12
8.85419e-12
8.85419e-12
8.85419e-12
8.85419e-12
8.85419e-12
8.85419e-12
8.85419e-12
8.85419e-12
8.85419e-12
8.85419e-12
8.85419e-12
8.85419e-12
8.85419e-12
8.85419e-12
8.85419e-12
8.85419e-12
8.85419e-12
8.85419e-12
8.85419e-12
8.85419e-12
8.85419e-12
8.85419e-12
8.85419e-12
8.85419e-12
8.85419e-12
8.85419e-12
8.85419e-12
8.85419e-12
8.85419e-12
8.85419e-12
8.85419e-12
8.85419e-12
8.85419e-12
8.85419e-12
1.99219e-11
1.99219e-11
1.99219e-11
1.99219e-11
1.99219e-11
1.99219e-11
1.99219e-11
1.99219e-11
1.99219e-11
1.99219e-11
1.99219e-11
1.99219e-11
1.99219e-11
1.99219e-11
1.99219e-11
1.99219e-11
1.99219e-11
1.99219e-11
1.99219e-11
1.99219e-11
1.99219e-11
1.99219e-11
1.99219e-11
1.99219e-11
1.99219e-11
1.99219e-11
1.99219e-11
1.99219e-11
1.99219e-11
1.99219e-11
1.99219e-11
1.99219e-11
1.99219e-11
1.99219e-11
1.99219e-11
1.99219e-11
1.99219e-11
1.99219e-11
1.99219e-11
1.99219e-11
